3
77
0 0 2 2 0 2 0 0 0 0 2 0 2 2 0 0 0 0 2 2 0 0 2 2 0 0 2 0 0 2 0 2 0 0 0 0 2 2 0 2 0 0 0 2 0 0 2 0 2 0 0 0 2 0 0 0 0 0 2 0 2 2 0 2 2 0 0 0 0 0 0 0 0 2 2 0 0
0 4 9 12 5 15 1 2 0 4 13 5 11 14 1 2 2 4 9 12 1 4 9 12 1 4 13 1 4 15 5 13 1 0 2 4 9 12 5 13 1 2 4 15 1 4 15 5 15 1 2 4 15 1 2 0 2 4 15 5 9 12 5 11 14 1 0 2 0 0 2 0 4 11 14 1 0
0 4 3 6 1 10 4 15 1 4 7 1 10 10 4 11 14 5 3 6 1 4 3 6 1 4 7 1 2 10 4 7 1 4 15 5 3 6 5 7 5 15 1 10 0 0 10 0 8 4 15 1 8 4 15 5 15 1 8 4 3 6 1 10 10 0 4 15 1 4 15 1 0 10 8 2 0
0 0 10 10 4 13 1 8 2 0 8 4 11 14 1 10 10 0 8 8 0 0 8 8 0 0 8 4 9 12 1 8 0 2 10 0 8 8 0 8 0 10 4 15 1 4 15 1 2 2 8 2 0 2 8 0 8 0 2 0 8 8 4 9 12 1 0 8 0 0 8 0 4 13 5 15 1
0 4 11 14 5 7 1 4 15 1 0 2 8 8 4 11 14 1 0 2 0 2 2 0 0 2 0 4 3 6 1 2 4 9 12 1 0 0 2 2 4 15 1 8 2 0 10 4 11 14 5 13 5 15 1 2 0 4 15 1 2 2 4 3 6 1 2 2 0 0 2 2 4 7 1 10 0
0 2 8 10 0 10 2 0 8 0 4 15 1 0 2 10 8 0 4 15 5 11 14 1 4 15 1 0 10 8 4 15 5 3 6 1 2 4 9 12 1 10 0 4 15 5 15 1 8 8 4 7 1 10 4 15 1 0 8 4 9 12 1 8 8 4 9 12 1 4 9 12 1 10 4 15 1
4 13 5 13 5 9 12 1 0 2 0 8 0 4 11 14 1 2 2 8 0 10 10 0 2 8 2 4 15 1 0 8 0 8 8 4 15 5 3 6 5 15 1 0 10 0 8 2 0 2 2 8 4 15 1 10 0 0 2 4 3 6 1 2 0 4 3 6 1 4 3 6 5 15 1 8 0
4 7 5 7 5 3 6 1 4 15 1 2 2 0 10 10 4 11 14 1 4 11 14 5 15 5 15 1 10 0 2 2 0 2 2 0 8 0 8 8 2 8 0 4 15 1 4 13 5 11 14 1 2 10 4 15 1 4 15 1 8 10 4 13 1 0 8 10 2 0 8 10 2 8 2 0 0
0 10 2 8 0 8 8 0 0 8 4 11 14 5 11 14 1 10 10 0 2 10 8 0 10 0 8 4 13 5 9 12 5 9 12 1 0 2 0 4 15 1 0 2 10 0 4 7 1 10 10 4 11 14 1 8 0 0 8 2 4 15 5 7 1 0 4 11 14 1 4 11 14 5 15 1 0
4 9 12 1 2 2 0 2 2 0 2 10 8 0 10 8 4 11 14 5 9 12 1 4 15 1 2 4 7 5 3 6 5 3 6 1 4 15 1 0 10 0 4 9 12 1 0 8 4 11 14 1 10 10 0 0 2 2 4 15 1 10 2 8 2 0 0 8 8 0 0 8 8 2 8 0 0
4 3 6 5 11 14 5 9 12 5 11 14 1 4 15 1 0 8 8 4 3 6 1 2 10 4 15 1 8 0 8 8 0 8 8 0 2 8 2 4 15 1 4 3 6 1 2 2 0 10 8 4 9 12 1 4 9 12 1 8 4 11 14 5 15 1 0 2 2 0 2 2 4 15 1 2 0
0 8 8 2 8 8 4 3 6 1 8 8 2 2 8 0 0 2 2 0 8 8 4 9 12 1 10 0 0 2 0 2 2 0 0 4 15 5 15 1 8 0 0 10 10 4 11 14 5 13 1 4 3 6 1 4 3 6 1 0 2 8 8 2 8 0 4 11 14 5 11 14 1 8 4 15 1
0 2 4 15 1 0 2 10 8 2 2 4 11 14 1 0 4 11 14 1 2 2 4 3 6 5 15 1 4 15 5 11 14 1 2 2 8 2 8 2 0 2 4 11 14 1 8 8 4 7 1 2 10 8 0 0 8 8 0 4 15 1 4 15 1 2 2 8 10 0 10 10 0 0 2 8 0
4 15 1 10 0 4 11 14 5 11 14 1 8 10 0 2 0 8 10 4 9 12 1 10 8 2 8 2 2 8 0 10 10 4 11 14 5 15 5 15 5 15 1 8 8 0 0 0 2 10 4 11 14 1 0 2 2 0 0 2 8 0 0 10 4 9 12 5 15 5 11 14 1 4 13 1 0
0 8 4 15 1 0 10 8 0 10 10 0 4 15 5 15 1 4 13 5 3 6 5 13 5 15 5 11 14 1 4 9 12 1 10 8 0 10 2 8 2 8 2 2 0 2 2 4 9 12 1 8 8 0 4 9 12 1 4 15 1 2 4 15 5 3 6 1 8 0 8 10 0 4 7 1 0
0 0 2 10 0 4 15 1 4 9 12 1 0 8 0 10 0 4 7 1 8 8 4 7 1 8 2 8 8 2 4 3 6 5 15 1 4 11 14 5 15 5 9 12 5 9 12 5 3 6 1 2 2 0 4 3 6 1 0 8 4 15 1 10 0 8 8 0 2 2 4 15 1 0 10 2 0
0 4 11 14 1 2 8 0 4 3 6 1 2 2 4 13 1 0 8 0 2 0 2 10 0 4 13 1 4 15 1 10 8 2 8 2 0 8 10 2 8 4 3 6 5 3 6 1 8 8 4 11 14 1 0 10 8 2 2 0 2 10 4 15 1 2 0 4 9 12 1 10 0 4 11 14 1
0 0 8 8 4 13 1 0 2 10 8 4 11 14 5 7 1 0 2 4 13 5 11 14 1 4 7 1 0 8 4 15 5 15 5 15 1 4 9 12 1 2 10 8 2 8 8 2 0 0 0 8 8 2 4 15 5 11 14 5 9 12 1 10 4 15 1 4 3 6 5 15 1 0 10 10 0
0 2 0 2 4 7 1 4 9 12 1 2 10 8 2 8 2 4 13 5 7 1 8 8 2 2 8 0 2 0 0 10 0 10 0 8 2 4 3 6 5 11 14 5 15 1 4 15 1 0 2 2 4 13 1 8 0 8 10 4 3 6 5 13 1 10 0 0 8 8 0 8 0 4 11 14 1
4 15 5 13 1 8 0 4 3 6 5 11 14 5 15 5 15 5 7 1 10 2 0 4 11 14 1 4 15 1 4 15 5 15 1 4 15 1 8 8 0 8 8 2 10 0 2 10 0 4 11 14 5 7 1 0 2 4 15 1 8 8 4 7 5 15 1 2 0 2 2 0 0 2 10 8 0
0 10 4 7 1 2 2 0 10 10 0 8 10 0 10 0 10 0 8 4 11 14 1 2 8 10 0 0 10 2 0 10 0 8 2 2 8 0 2 0 0 2 4 11 14 5 11 14 1 0 10 10 0 8 0 4 13 1 8 0 2 0 2 8 2 8 4 15 5 11 14 1 4 11 14 1 0
4 15 1 10 4 11 14 5 9 12 1 4 15 5 13 5 13 1 2 2 8 10 4 15 5 15 1 4 11 14 5 15 1 4 11 14 1 4 15 1 4 15 1 10 8 2 8 10 0 4 9 12 1 0 2 4 7 1 2 4 13 5 15 5 15 1 0 10 0 10 8 0 0 8 8 0 0
0 10 4 15 1 10 8 4 3 6 1 2 8 4 7 5 7 5 11 14 5 15 1 8 2 10 0 0 8 8 2 8 0 0 8 8 0 0 10 2 0 8 4 13 5 15 5 13 1 4 3 6 1 4 15 1 10 4 13 5 7 1 8 0 8 2 4 15 5 15 1 2 2 0 2 2 0
4 15 1 10 4 15 1 0 8 8 4 13 1 0 10 2 8 2 8 8 0 8 2 4 11 14 1 2 0 4 13 1 0 2 2 0 2 4 11 14 1 2 4 7 1 8 4 7 1 2 8 10 0 0 10 4 13 5 7 1 8 0 2 0 4 15 1 10 0 10 4 9 12 5 11 14 1
0 10 4 13 1 10 2 0 2 0 4 7 1 4 9 12 5 15 1 2 0 4 15 1 8 8 4 13 1 4 7 1 4 11 14 5 15 1 8 10 4 15 1 8 0 2 0 8 4 13 5 15 1 4 15 5 7 1 10 2 0 4 15 1 0 10 4 15 5 15 5 3 6 1 10 10 0
4 15 5 7 5 11 14 5 13 1 0 10 2 4 3 6 1 10 4 13 1 0 8 0 2 0 4 7 1 0 10 2 0 8 8 0 8 0 4 15 1 8 2 0 4 15 1 2 4 7 1 10 0 0 10 0 10 4 11 14 1 0 8 2 4 13 1 8 2 10 0 10 10 4 9 12 1
0 8 0 8 0 8 8 4 7 1 4 11 14 1 8 8 4 15 5 7 1 2 0 4 15 1 2 8 2 4 11 14 1 2 0 0 0 2 0 10 2 4 15 1 0 8 4 15 1 10 4 15 1 4 13 5 15 1 10 8 0 2 4 15 5 7 1 4 11 14 5 11 14 5 3 6 1
0 2 0 0 2 0 0 2 10 0 0 10 8 0 0 2 0 8 0 8 4 13 1 0 10 4 15 5 15 1 10 8 4 13 1 2 4 15 5 9 12 1 8 2 2 0 0 10 4 15 1 8 0 4 7 1 8 4 15 1 4 13 1 10 2 8 2 2 8 8 0 8 8 0 10 10 0
4 15 1 4 15 1 4 11 14 1 4 15 1 2 4 15 1 2 2 0 4 7 1 4 13 1 8 2 10 4 15 1 4 7 5 15 1 8 4 3 6 1 4 11 14 1 4 15 1 10 2 0 2 0 10 0 2 0 10 0 4 7 5 11 14 5 11 14 1 0 2 0 2 4 9 12 1
0 8 0 2 8 0 0 10 8 2 0 8 4 15 1 10 4 11 14 1 2 8 2 4 7 1 4 11 14 1 10 0 2 10 0 10 2 0 0 8 8 0 0 8 8 0 0 10 4 9 12 5 13 5 13 5 15 5 15 1 0 8 2 8 10 2 8 10 2 4 15 5 15 5 3 6 1
0 2 4 15 1 2 4 13 5 15 1 0 2 10 4 13 1 8 8 4 15 5 13 1 8 0 0 8 8 4 15 5 11 14 5 9 12 1 2 0 2 0 2 2 0 2 4 15 5 3 6 5 7 5 7 1 10 2 8 2 0 4 13 5 11 14 5 11 14 1 8 0 8 0 10 10 0
4 13 1 10 4 15 5 7 1 10 0 4 9 12 5 7 1 2 0 2 10 4 7 1 2 2 0 2 2 0 8 0 8 8 4 3 6 5 13 5 15 5 11 14 5 13 1 8 2 10 8 0 8 0 8 4 11 14 5 15 1 4 7 1 8 8 2 10 8 2 0 2 2 4 11 14 1
4 7 5 15 1 8 0 8 4 13 1 4 3 6 1 8 4 15 5 11 14 1 10 4 11 14 5 11 14 1 0 2 0 2 0 10 8 4 7 1 8 2 8 10 4 7 1 4 11 14 1 0 2 0 0 0 8 8 0 10 0 2 8 2 2 4 11 14 5 15 5 11 14 1 8 10 0
0 8 2 8 0 2 2 0 4 7 1 0 8 8 2 0 0 8 2 8 8 4 13 1 10 8 0 8 10 0 4 15 5 13 5 15 1 0 10 2 4 15 5 15 1 10 2 0 8 10 2 4 13 1 0 2 2 0 4 13 5 15 5 9 12 1 10 8 0 8 0 8 8 2 4 15 1
0 4 15 1 4 9 12 1 0 8 2 2 0 4 15 1 2 4 15 1 2 4 7 5 15 1 0 4 15 1 2 8 4 7 1 8 0 4 11 14 1 8 2 8 4 11 14 1 4 11 14 5 7 1 4 11 14 1 4 7 1 8 4 3 6 5 13 1 2 2 0 2 4 15 1 8 0
0 0 10 0 4 3 6 1 0 4 9 12 1 2 10 4 15 1 10 4 15 1 10 0 10 2 0 2 10 4 15 1 0 10 0 0 0 2 8 10 0 4 15 1 2 10 8 2 0 8 8 0 8 2 2 8 10 2 0 10 2 0 2 8 10 4 7 5 11 14 5 13 1 8 0 2 0
0 4 15 1 2 10 8 2 2 4 3 6 5 11 14 1 8 4 13 1 10 4 15 5 11 14 5 11 14 1 8 0 4 15 1 0 4 15 5 13 1 0 8 4 11 14 5 15 1 0 2 0 4 11 14 5 11 14 5 11 14 5 15 5 15 1 8 2 8 10 4 7 1 2 4 13 1
0 0 8 4 11 14 5 11 14 1 8 8 0 10 10 0 0 4 7 5 15 1 8 2 10 8 2 8 10 0 2 2 0 10 0 2 2 8 4 7 1 0 2 0 10 8 0 8 0 4 15 1 0 8 8 0 10 8 2 8 10 2 8 0 10 2 4 13 5 15 1 10 4 13 5 7 1
0 0 2 2 8 10 2 8 10 2 0 2 4 11 14 1 0 2 10 0 8 0 4 11 14 5 15 5 13 5 9 12 5 13 5 11 14 1 0 10 2 4 15 5 15 1 0 2 0 0 10 0 2 0 2 4 15 5 15 5 11 14 1 4 11 14 5 7 1 8 4 15 5 7 1 8 0
0 4 9 12 5 9 12 5 11 14 5 15 1 8 8 0 4 11 14 1 2 0 0 8 8 0 8 4 7 5 3 6 5 7 1 8 10 2 4 11 14 1 8 2 8 0 4 15 1 4 13 5 13 5 13 1 10 0 10 0 10 10 0 0 8 8 0 8 0 2 2 8 0 8 0 2 0
0 4 3 6 5 3 6 1 8 10 0 8 0 0 2 0 2 8 10 4 15 1 0 2 2 0 2 0 10 2 8 8 2 10 0 4 11 14 1 8 8 2 4 13 1 0 2 10 0 4 7 5 7 5 7 5 15 5 13 5 9 12 1 2 0 2 2 0 4 11 14 1 0 0 4 13 1
0 0 8 8 0 8 10 0 4 15 1 0 2 4 13 5 15 5 15 1 10 2 4 9 12 5 15 5 11 14 1 4 11 14 1 0 10 10 0 0 4 13 5 7 1 4 11 14 1 0 8 2 8 2 8 2 8 4 7 5 3 6 5 15 5 11 14 1 0 10 8 2 2 0 4 7 1
0 0 2 0 2 4 15 1 0 10 2 4 15 5 7 1 10 2 8 4 11 14 5 3 6 1 10 0 10 8 2 0 10 8 2 4 9 12 1 2 4 7 1 10 0 0 10 10 0 2 4 15 5 15 5 15 1 2 8 2 8 10 2 8 2 8 8 0 4 15 5 11 14 1 0 10 0
0 4 13 5 15 1 8 0 4 9 12 1 8 0 10 4 11 14 1 2 10 8 2 8 8 4 15 5 15 5 15 5 13 5 15 5 3 6 5 15 1 8 4 15 1 4 11 14 5 15 1 8 2 10 0 8 4 15 5 15 5 11 14 5 15 1 2 2 0 8 0 10 10 0 4 15 1
0 4 7 1 8 0 2 0 4 3 6 1 2 4 15 1 10 8 4 11 14 5 15 1 2 0 8 2 8 2 8 4 7 1 10 0 8 8 0 8 0 2 0 10 2 0 10 8 2 8 0 4 9 12 1 0 2 10 0 8 2 8 8 0 8 4 9 12 1 2 4 11 14 1 0 8 0
0 2 8 2 2 4 15 1 0 8 10 4 13 1 8 4 15 1 0 10 8 2 8 4 13 1 4 13 5 13 1 2 8 4 15 1 2 0 2 0 4 15 5 11 14 5 15 5 15 1 2 4 3 6 1 4 11 14 1 4 15 1 0 2 2 4 3 6 5 13 1 10 10 0 0 2 0
4 13 5 9 12 1 8 0 0 4 13 5 7 1 2 2 8 2 4 15 5 13 1 4 7 1 4 7 5 7 5 15 1 2 10 4 15 5 15 1 0 8 2 10 8 2 10 0 10 4 13 1 10 10 0 2 8 10 0 2 10 0 4 11 14 1 10 8 4 7 5 9 12 1 4 15 1
4 7 5 3 6 1 0 2 2 4 7 1 10 4 11 14 5 13 1 10 4 7 1 2 8 0 0 10 0 8 2 10 4 11 14 1 10 0 8 2 0 4 9 12 5 11 14 5 15 5 7 5 11 14 5 13 5 15 5 9 12 1 0 8 8 4 15 1 0 8 4 3 6 1 0 8 0
0 10 0 10 10 0 4 11 14 1 8 4 15 1 8 8 4 7 5 15 1 8 4 13 1 2 4 15 1 4 9 12 1 8 10 4 15 1 4 15 1 4 3 6 1 8 8 0 8 0 8 0 10 8 4 7 1 10 4 3 6 1 2 0 0 2 8 2 2 0 0 10 10 0 2 0 0
4 15 5 9 12 1 0 8 8 0 0
 2 8 0 2 2 0 8 0 10 0 2 4 7 5 13 1 10 0 4 3 6 1 4 13 1 8 2 0 8 2 2 8 10 0 0 2 2 0 0 2 4 15 1 2 8 4 15 1 10 10 4 13 1 4 15 5 9 12 1 4 9 12 5 15 1 0
0 8 4 3 6 1 0 2 2 0 4 15 1 4 11 14 1 2 4 15 5 13 1 8 4 7 5 13 1 0 8 8 2 4 7 1 4 15 1 4 11 14 5 13 1 4 9 12 1 4 13 1 8 4 13 1 0 10 4 9 12 5 7 1 2 10 4 3 6 1 4 3 6 1 8 0 0
0 2 0 8 8 0 4 9 12 1 0 8 0 2 8 10 4 15 1 8 4 7 1 0 2 10 4 7 1 2 2 4 15 1 8 0 2 10 0 0 8 8 4 7 1 4 3 6 1 4 7 1 2 4 7 1 4 13 5 3 6 1 8 4 9 12 1 8 8 0 2 8 8 0 2 2 0
4 13 1 2 0 2 4 3 6 1 0 2 4 15 5 13 1 8 2 0 2 10 0 4 11 14 1 10 4 9 12 1 10 0 0 4 11 14 1 2 0 2 2 8 0 0 8 8 2 0 8 4 15 1 10 2 4 7 1 10 8 2 0 4 3 6 1 2 2 4 15 1 2 4 11 14 1
4 7 5 13 5 15 1 8 8 0 4 15 1 8 4 7 1 4 15 5 11 14 1 0 8 8 4 15 5 3 6 5 15 1 2 0 10 8 4 15 5 11 14 1 0 2 2 4 15 1 2 0 10 4 9 12 1 10 4 15 5 15 1 2 10 8 4 9 12 1 8 4 15 1 10 8 0
0 8 4 7 1 10 2 0 2 2 0 8 2 0 0 8 0 0 8 2 10 8 2 2 0 0 2 10 0 10 10 0 10 4 15 5 15 1 0 8 2 10 8 0 4 11 14 1 8 4 13 5 15 5 3 6 5 13 1 10 2 8 4 11 14 1 4 3 6 1 0 2 8 4 13 1 0
0 2 0 10 4 11 14 5 11 14 1 4 15 1 0 2 2 0 4 9 12 5 11 14 1 4 11 14 5 11 14 5 15 1 8 0 10 2 0 4 11 14 1 2 0 10 8 0 2 4 7 1 8 0 10 10 4 7 5 11 14 1 0 10 10 0 0 8 8 2 4 15 1 4 7 1 0
4 13 5 15 1 8 8 0 10 8 0 0 8 0 4 9 12 1 4 3 6 1 8 8 0 2 8 10 0 10 8 0 8 2 0 4 11 14 1 2 8 8 4 15 5 15 1 4 15 1 8 0 0 4 11 14 1 8 0 10 10 0 4 9 12 1 2 2 4 13 1 8 0 2 10 0 0
4 7 1 10 0 0 2 4 13 1 2 2 0 2 4 3 6 1 0 10 8 2 0 2 4 15 5 15 5 15 1 0 4 15 1 0 8 8 4 15 1 2 0 8 2 8 2 2 8 2 0 2 0 0 10 10 0 0 4 11 14 1 4 3 6 5 11 14 5 7 1 2 4 9 12 1 0
0 10 4 15 1 4 15 5 7 5 9 12 5 13 1 8 8 2 4 15 5 15 5 15 1 8 0 10 0 8 0 2 2 8 0 0 2 2 0 8 4 15 1 4 15 5 11 14 5 15 5 15 1 4 9 12 1 0 2 8 10 0 0 10 8 2 8 10 2 8 4 15 5 3 6 1 0
4 15 1 10 2 0 8 0 8 4 3 6 5 7 1 2 4 15 1 8 2 10 0 8 2 2 4 15 1 2 4 9 12 1 2 4 11 14 1 2 2 8 0 0 10 2 8 10 0 8 2 8 2 4 3 6 1 4 15 5 15 1 4 15 5 15 5 9 12 1 2 10 0 8 10 2 0
0 10 4 11 14 1 2 0 2 0 8 8 2 8 4 15 1 10 2 4 11 14 1 4 9 12 1 10 4 15 5 3 6 5 13 1 10 8 4 11 14 1 2 4 11 14 5 15 1 4 15 5 13 1 8 10 0 0 10 0 8 2 2 8 2 8 4 3 6 5 9 12 1 4 9 12 1
4 15 1 8 8 4 15 5 13 1 0 4 13 1 0 10 4 11 14 1 10 8 0 4 3 6 5 13 1 10 2 8 8 4 7 5 15 1 2 10 8 4 13 1 8 8 2 8 2 0 10 4 7 1 4 13 1 4 15 1 4 11 14 5 15 1 2 8 10 4 3 6 1 4 3 6 1
0 10 2 0 0 2 8 4 7 1 2 4 7 1 4 15 1 10 10 4 15 1 2 0 10 10 4 7 5 9 12 1 2 0 10 2 8 4 11 14 1 4 7 1 0 4 15 5 15 5 15 1 8 0 4 7 1 0 8 0 0 8 8 2 8 4 13 5 15 1 8 10 2 0 10 8 0
4 9 12 1 4 15 1 0 8 4 15 1 8 2 2 8 4 11 14 1 8 4 13 5 11 14 1 10 4 3 6 5 15 5 11 14 1 2 8 8 0 0 8 2 2 0 10 2 8 2 10 0 0 2 0 10 0 0 2 2 0 2 4 13 1 4 7 1 10 2 4 9 12 5 15 1 0
4 3 6 1 2 8 0 2 2 0 8 0 4 9 12 1 2 8 8 2 0 4 7 1 10 10 4 13 1 8 8 0 10 2 8 8 4 13 1 0 2 2 4 9 12 5 11 14 5 9 12 1 4 13 5 13 1 4 11 14 5 15 5 7 1 2 8 4 9 12 5 3 6 1 8 2 0
0 10 8 4 15 1 4 9 12 1 2 0 4 3 6 5 15 1 4 13 1 0 8 4 11 14 5 7 1 2 2 4 9 12 1 0 4 7 1 4 9 12 5 3 6 1 8 8 4 3 6 1 4 7 5 7 1 0 10 10 0 10 2 8 4 13 1 4 3 6 1 8 8 0 4 13 1
4 15 1 0 10 0 4 3 6 5 15 1 2 8 10 0 8 2 4 7 1 2 0 0 8 8 0 8 4 9 12 5 3 6 1 2 0 8 2 4 3 6 1 8 8 0 0 2 2 8 8 0 0 8 0 8 2 4 9 12 5 9 12 1 4 7 1 0 10 8 0 2 0 0 4 7 1
0 8 2 4 15 1 2 8 10 2 8 4 15 5 13 1 4 15 1 10 4 13 1 2 0 0 2 0 4 3 6 1 8 10 4 13 1 4 15 1 8 10 2 0 2 0 4 9 12 1 2 0 0 2 2 4 15 5 3 6 5 3 6 1 0 10 2 4 13 1 4 13 1 2 0 10 0
0 4 13 1 10 4 15 5 9 12 1 0 8 4 7 1 0 8 4 15 5 7 5 13 1 4 13 1 0 10 8 0 4 15 5 7 1 0 10 2 4 9 12 5 13 1 4 3 6 5 15 1 4 9 12 1 10 0 8 8 0 10 8 2 4 11 14 5 7 1 4 7 5 15 5 15 1
0 4 7 5 15 1 10 4 3 6 1 0 2 0 8 2 2 0 2 8 0 8 4 7 1 4 7 1 4 15 1 0 2 8 2 8 2 4 9 12 5 3 6 5 7 1 2 8 10 0 8 0 4 3 6 5 13 1 2 2 4 13 5 15 1 8 8 2 10 0 0 8 0 10 2 8 0
0 2 8 2 8 4 15 1 10 10 0 4 15 1 4 11 14 5 13 1 0 2 0 8 2 0 8 2 2 8 0 4 15 5 13 5 15 5 3 6 1 10 8 2 10 4 15 5 15 1 0 2 0 8 8 4 7 5 9 12 5 7 1 10 2 0 4 9 12 1 2 0 4 9 12 1 0
4 15 5 13 1 0 8 4 11 14 1 2 10 0 0 10 10 4 7 1 4 15 1 4 15 1 4 11 14 1 0 2 8 4 7 1 8 2 10 8 4 15 5 11 14 1 10 0 8 0 4 13 1 2 2 0 8 4 3 6 1 8 4 11 14 1 4 3 6 5 13 1 4 3 6 1 0
0 10 4 7 1 0 2 2 8 10 4 11 14 1 4 11 14 1 8 0 2 8 2 0 8 0 0 10 10 0 4 13 1 2 8 0 4 11 14 1 2 8 0 8 10 4 15 1 2 2 4 7 5 9 12 1 2 0 8 8 0 2 2 8 8 0 0 10 10 4 7 1 0 8 8 0 0
4 13 1 10 0 4 11 14 5 15 1 8 10 2 0 8 8 2 0 4 15 5 13 1 2 0 4 9 12 1 4 7 5 15 1 0 2 8 10 4 15 1 0 4 13 1 10 4 9 12 1 8 4 3 6 5 15 1 2 0 4 9 12 1 2 2 4 11 14 1 10 2 0 0 2 0 0
4 7 5 13 1 0 10 8 0 10 2 4 11 14 1 2 4 13 1 0 10 4 7 5 13 1 4 3 6 1 2 10 0 10 2 4 13 5 15 1 10 2 0 4 7 5 15 5 3 6 1 0 2 8 10 0 10 4 13 1 4 3 6 5 11 14 1 8 10 4 11 14 1 4 15 1 0
0 8 4 7 1 4 15 1 4 11 14 1 8 8 4 15 5 7 1 4 15 1 8 4 7 1 0 8 8 4 11 14 5 11 14 5 7 1 8 4 11 14 1 0 8 0 8 0 8 8 0 4 15 5 15 5 15 5 7 1 0 8 8 0 8 8 0 4 15 1 8 8 0 0 8 0 0
0 0 0 8 0 0 8 0 0 8 8 0 0 0 0 8 0 8 0 0 8 0 0 0 8 0 0 0 0 0 8 8 0 8 8 0 8 0 0 0 8 8 0 0 0 0 0 0 0 0 0 0 8 0 8 0 8 0 8 0 0 0 0 0 0 0 0 0 8 0 0 0 0 0 0 0 0
