100 387
100 25
38 27
53 89
40 47
22 79
33 50
42 50
88 82
33 51
98 89
16 35
88 53
53 63
88 16
16 41
38 1
27 47
100 99
1 16
56 20
1 83
69 55
34 4
94 70
34 14
55 46
29 89
5 4
39 48
26 99
54 30
33 76
77 97
95 89
53 38
92 43
28 50
67 80
83 27
80 93
42 36
1 41
11 4
35 58
85 58
46 65
83 89
1 97
82 27
70 16
27 41
57 11
69 27
95 1
15 93
8 90
82 50
97 89
88 58
94 50
1 50
49 58
87 52
77 55
16 51
98 85
38 36
29 77
74 94
73 41
49 95
70 27
17 93
94 35
29 1
36 1
53 27
18 10
1 98
94 41
85 50
25 99
46 27
38 98
95 51
84 28
94 73
32 85
60 50
53 2
61 21
97 47
76 38
84 53
37 68
16 2
30 10
100 67
38 16
32 83
67 26
69 60
32 16
78 20
98 55
25 17
31 4
51 66
1 40
32 27
96 80
70 77
83 51
1 82
42 63
89 84
94 82
40 50
49 36
64 5
70 28
73 77
92 34
60 35
42 83
33 66
34 22
38 46
89 27
89 65
40 2
84 65
29 27
35 82
32 47
6 45
88 89
66 73
74 58
22 64
23 11
66 65
46 84
51 2
76 47
88 65
28 53
49 2
98 27
88 36
33 69
33 77
76 94
63 58
29 88
85 41
92 79
94 77
47 63
98 58
32 1
94 60
67 15
58 16
29 83
40 76
13 4
85 55
66 82
60 55
29 70
47 50
69 51
33 41
98 95
46 36
2 42
38 84
81 75
79 4
53 40
42 16
1 84
70 33
51 58
32 60
93 96
33 42
9 13
94 83
29 55
24 48
95 28
94 98
69 53
82 84
3 91
40 98
70 97
38 2
95 97
73 82
32 53
33 85
89 32
71 45
38 41
33 60
76 58
97 69
85 82
91 75
95 66
97 73
51 29
84 55
46 53
27 55
94 88
89 85
94 97
73 2
53 94
51 84
88 97
26 80
32 98
42 55
28 60
84 41
82 55
42 70
83 65
98 63
35 49
36 84
74 41
38 40
15 80
69 65
53 66
46 28
49 77
43 79
15 25
88 1
19 34
77 65
73 47
19 13
70 73
73 32
33 58
65 50
40 33
42 65
95 63
42 89
95 85
70 53
98 42
40 60
49 60
89 58
88 84
77 50
1 58
36 35
83 55
69 35
9 14
70 47
63 29
97 66
82 60
19 64
63 84
83 73
94 69
85 84
16 28
38 88
63 82
44 75
65 35
63 2
88 69
79 13
46 51
70 69
83 85
70 60
94 46
40 36
32 55
32 82
76 69
11 31
98 66
98 28
36 41
89 60
32 41
29 73
29 58
96 26
53 16
76 74
53 77
83 69
94 89
38 85
97 60
42 58
50 73
49 89
47 85
1 63
85 42
90 72
100 96
83 16
66 84
38 74
70 66
1 42
28 27
14 4
38 55
76 98
32 2
88 28
74 36
63 85
74 33
40 73
53 58
89 36
29 32
95 40
73 85
98 83
85 66
86 68
76 53
59 52
21 45
46 77
7 20
49 88
84 60
36 63
12 3
70 58
46 50
76 27
29 50
97 55
49 40
42 41
49 63
89 41
89 35
49 73
46 58
29 85
70 84
36 47
99 96
49 47
20 45
98 41
27 58
74 27
19 14
83 47
16 55
9 11
47 41
99 80
70 82
94 85
95 27
62 90
95 65
16 76
41 65
