175
2 1 8
6 3 4
4 2 1
8 4 1
8 4 11
10 5 1
12 6 3
14 7 1
18 9 1
18 9 15
20 10 1
22 11 1
24 12 1
26 13 1
26 13 19
28 14 1
30 15 1
32 16 1
34 17 1
34 17 23
36 18 1
38 19 1
40 20 1
42 21 1
42 21 27
44 22 1
46 23 1
48 24 1
50 25 1
50 25 31
52 26 1
54 27 1
56 28 1
58 29 1
58 29 2
60 30 1
62 31 1
64 32 1
66 33 1
66 33 4
68 34 1
70 35 1
72 36 1
74 37 1
74 37 8
76 38 1
78 39 1
80 40 1
82 41 1
82 41 12
84 42 1
86 43 1
88 44 1
90 45 1
90 45 16
92 46 1
94 47 1
96 48 1
98 49 1
98 49 20
1 1 1
3 3 1
5 5 1
7 7 1
7 7 24
9 9 1
11 11 1
13 13 1
15 15 1
15 15 28
17 17 1
19 19 1
21 21 1
23 23 1
23 23 32
25 25 1
27 27 1
29 29 1
31 31 2
31 31 1
33 33 1
35 35 1
37 37 1
39 39 1
39 39 5
41 41 1
43 43 1
45 45 1
47 47 1
47 47 9
49 49 1
51 51 1
53 53 1
55 55 1
55 55 13
57 57 1
59 59 1
61 61 1
63 63 1
63 63 17
65 65 1
67 67 1
69 69 1
71 71 1
71 71 21
73 73 1
75 75 1
77 77 1
79 79 1
79 79 25
81 81 1
83 83 1
85 85 1
87 87 1
87 87 29
89 89 1
1 3 1
2 6 1
3 9 1
3 9 33
4 12 1
5 15 1
6 18 1
7 21 1
7 21 2
8 24 1
9 27 1
10 30 1
11 33 1
11 33 6
12 36 1
13 39 1
14 42 1
15 45 1
15 45 10
16 48 1
17 51 1
18 54 1
19 57 1
19 57 14
20 60 1
21 63 1
22 66 1
23 69 1
23 69 18
24 72 1
25 75 1
26 78 1
27 81 1
27 81 22
28 84 1
29 87 1
30 90 1
31 93 1
31 93 26
32 96 1
33 99 1
34 102 1
35 105 1
35 105 30
36 108 1
37 111 1
38 114 1
39 117 1
39 117 34
40 120 1
41 123 1
42 126 1
43 129 1
43 129 3
44 132 1
5 6 11
11 12 10
11 12 14
11 12 7
