150 216 250 7 8
35 37 1285
101 102 1352
17 18 1982
51 48 559
73 70 860
22 25 1445
137 135 1266
86 85 618
105 107 1868
123 126 545
122 124 1560
90 89 241
22 20 1653
4 3 1534
99 97 336
7 8 1508
88 90 1877
36 37 1653
27 26 531
14 11 1684
59 56 502
52 49 692
18 19 1673
103 100 1418
34 31 1937
84 86 1553
50 52 1079
51 53 1654
38 36 908
9 10 1594
147 145 1114
30 29 1160
129 126 1239
130 128 844
2 4 1582
7 6 282
111 108 1918
108 106 844
20 23 202
27 30 1549
116 115 1981
41 38 1674
105 106 246
138 135 328
67 66 1039
122 123 582
22 21 547
138 140 1810
133 130 1217
79 81 302
67 64 1295
110 113 626
125 128 1334
137 140 1698
131 128 1255
147 149 1698
16 19 937
150 148 707
86 88 534
95 92 1250
140 143 1594
46 45 439
98 100 1662
40 43 746
76 75 201
2 5 882
32 29 791
111 110 1089
39 40 1674
101 100 598
65 66 1105
120 119 949
62 65 1244
123 121 993
103 101 1933
90 93 962
68 67 1669
112 115 1805
92 94 328
17 16 924
25 26 520
61 63 1978
60 59 549
139 136 1656
109 110 1844
1 2 1582
68 71 753
131 134 1781
36 33 818
121 119 585
130 127 1415
108 105 226
24 25 412
134 132 1671
54 55 1705
133 136 917
145 143 1701
70 72 1832
53 50 1994
53 55 742
92 91 397
143 144 1900
118 116 701
19 20 1005
79 78 966
75 77 1860
87 84 1404
82 79 774
59 58 699
47 46 278
142 143 1158
82 85 1522
132 135 1715
127 126 1227
142 139 306
147 148 425
39 41 1362
58 55 555
86 89 1537
132 130 1955
3 6 1923
12 13 519
52 53 1628
126 128 1644
36 35 1423
16 18 1098
114 112 1478
29 31 672
62 60 1087
26 28 636
133 134 505
9 7 1128
71 74 1789
49 50 1061
141 138 1046
54 51 1477
73 72 1459
68 69 1105
126 125 1341
21 24 1197
77 78 212
33 30 681
79 77 558
68 66 401
93 92 260
113 114 1444
103 105 1517
13 10 510
37 39 652
81 83 979
108 110 1202
55 57 1165
111 112 1049
68 70 1156
45 48 1322
41 40 1983
148 149 641
93 95 934
121 118 276
18 21 1267
122 119 1176
66 64 688
56 55 359
89 91 1638
12 9 922
44 42 1301
148 145 1103
35 32 576
22 24 1711
123 120 1280
104 102 469
81 78 1673
98 96 1452
146 145 430
53 56 1138
80 82 1954
88 89 1705
62 59 1860
44 45 1024
21 23 1013
31 30 591
125 124 710
109 112 1577
12 15 1530
108 109 622
11 10 465
84 81 1172
15 16 743
13 15 1127
94 93 1114
63 64 360
29 26 603
117 115 1581
37 40 862
96 97 1616
2 3 1677
59 61 1021
94 96 363
49 48 1983
80 79 1061
118 120 1647
42 40 1546
118 119 1814
127 129 1867
133 131 1333
46 44 299
68 65 1963
12 10 1459
134 135 1298
106 107 1893
136 137 563
130 129 622
80 78 1411
73 75 1904
132 131 939
128 127 1088
