5
100 10 79
3 11 21 29 38 48 56 65 74 84
4 4 5 5 5 5 5 5 12 12 12 13 13 13 13 13 22 22 22 22 22 22 23 23 30 30 30 31 31 31 31 31 39 39 39 39 40 40 40 40 49 49 49 49 49 49 50 50 57 57 57 58 58 58 58 58 66 66 66 66 67 67 67 67 75 75 76 76 76 76 76 76 85 85 85 85 85 85 86
120 10 65
3 13 24 34 46 57 67 79 89 101
4 4 4 4 5 5 5 14 14 14 14 15 15 15 25 25 25 26 26 26 26 35 35 35 36 36 36 36 47 47 47 47 47 48 48 58 58 58 59 59 59 68 68 68 69 69 69 80 81 81 81 81 81 90 90 90 91 91 91 102 103 103 103 103 103
130 12 55
3 12 22 32 43 53 63 72 83 93 103 113
4 4 4 5 5 13 13 14 14 14 23 23 23 24 24 33 33 33 34 34 44 44 44 45 45 54 54 55 55 55 64 65 65 65 65 73 74 74 74 84 84 84 85 94 95 95 95 104 104 104 105 114 114 114 115
149 20 53
3 9 17 23 31 37 45 51 59 65 73 81 88 94 101 108 115 123 130 136
4 4 4 10 10 11 19 19 19 24 24 25 32 32 32 38 38 39 46 46 46 53 53 53 61 61 61 66 67 67 74 74 75 82 82 83 89 89 90 96 96 102 103 109 109 117 117 124 125 132 132 137 138
150 20 90
2 10 16 24 30 38 44 53 59 66 74 81 87 95 103 110 116 124 130 137
3 3 3 3 4 11 12 12 12 12 17 17 17 18 18 25 25 25 26 26 31 31 32 32 32 39 39 39 40 40 45 45 45 45 46 54 54 54 54 55 60 60 61 61 61 67 67 68 68 68 75 75 76 76 82 82 83 83 88 88 88 89 96 96 97 97 104 104 104 105 111 112 112 112 118 118 118 118 125 125 126 126 131 132 132 132 138 138 139 139
