0 0 0 0 0 0 0 0 0 0 0 0 0 0 0 0 0 0 0 0 0 0 0 0 0 0
6 7 9 7 5 4 8 6 3 5 10 9 9 5 9 12 9 8 10 15 12 8 9 12 5 6
12 13 17 13 9 8 15 12 7 10 20 17 17 11 17 24 17 15 20 30 24 15 17 24 9 12
18 20 26 20 14 12 23 18 10 15 30 26 26 16 26 36 26 23 30 45 36 23 26 36 14 18
24 27 34 27 18 16 30 24 13 20 40 34 34 22 34 48 34 30 40 60 48 30 34 48 18 24
30 33 43 33 23 20 38 30 17 25 50 43 43 27 43 60 43 38 50 68 60 38 43 60 23 30
36 40 51 40 28 24 45 36 20 30 60 51 51 33 51 63 51 45 60 75 62 45 51 65 28 36
42 47 60 47 32 28 53 42 23 35 62 60 60 38 60 65 60 53 63 76 64 53 60 70 32 42
48 53 62 53 37 32 60 48 27 40 64 62 62 44 63 68 64 60 66 78 66 60 62 75 37 48
54 60 64 60 42 36 63 54 30 45 66 64 64 49 65 70 68 63 69 79 68 63 64 77 42 54
60 62 66 62 46 40 65 60 33 50 68 66 66 55 68 73 71 65 72 80 69 65 66 78 46 60
63 64 68 64 51 44 68 62 37 55 69 69 69 60 70 75 75 68 75 81 71 68 69 80 51 62
66 66 69 66 55 48 70 64 40 60 71 71 71 62 73 77 77 70 76 83 73 70 71 82 55 63
69 68 71 69 60 52 73 66 43 63 73 73 73 64 75 79 79 73 78 84 75 73 73 83 60 65
72 69 73 71 64 56 75 69 47 66 75 75 75 66 77 81 81 75 79 85 76 75 75 85 63 66
75 71 75 73 68 60 77 71 50 69 77 76 77 69 78 83 83 77 80 90 78 77 76 95 66 68
77 73 77 75 71 65 79 73 53 72 79 78 78 71 80 85 85 79 81 95 79 78 78 105 69 69
79 75 78 77 75 70 91 75 57 75 81 79 80 73 82 115 100 81 83 100 81 80 79 115 72 71
81 77 80 78 78 75 83 78 60 77 83 81 82 75 83 0 115 83 84 105 82 82 80 0 75 72
83 78 82 80 80 76 85 80 64 79 85 82 83 78 85 0 0 85 85 110 84 83 81 0 80 74
85 80 83 82 83 78 91 83 68 81 95 84 85 80 115 0 0 115 100 115 85 85 83 0 85 75
95 82 85 83 85 79 97 85 71 83 105 85 91 83 0 0 0 0 115 0 115 95 84 0 115 76
105 83 100 85 95 81 103 90 75 85 115 93 97 85 0 0 0 0 0 0 0 105 85 0 0 77
115 85 115 100 105 82 109 95 80 95 0 100 103 93 0 0 0 0 0 0 0 115 115 0 0 78
0 115 0 115 115 84 115 100 85 105 0 108 109 100 0 0 0 0 0 0 0 0 0 0 0 79
0 0 0 0 0 85 0 105 115 115 0 115 115 108 0 0 0 0 0 0 0 0 0 0 0 80
0 0 0 0 0 89 0 110 0 0 0 0 0 115 0 0 0 0 0 0 0 0 0 0 0 81
0 0 0 0 0 94 0 115 0 0 0 0 0 0 0 0 0 0 0 0 0 0 0 0 0 82
0 0 0 0 0 98 0 0 0 0 0 0 0 0 0 0 0 0 0 0 0 0 0 0 0 83
0 0 0 0 0 102 0 0 0 0 0 0 0 0 0 0 0 0 0 0 0 0 0 0 0 84
0 0 0 0 0 106 0 0 0 0 0 0 0 0 0 0 0 0 0 0 0 0 0 0 0 85
0 0 0 0 0 111 0 0 0 0 0 0 0 0 0 0 0 0 0 0 0 0 0 0 0 95
0 0 0 0 0 115 0 0 0 0 0 0 0 0 0 0 0 0 0 0 0 0 0 0 0 105
0 0 0 0 0 0 0 0 0 0 0 0 0 0 0 0 0 0 0 0 0 0 0 0 0 115