16
6 1 0 2 8 2 10 7 4 1 2 3 7 10 7 5
4 5 5 3 6 2 6 2 10 1 0 2 7 3 5 1
3 8 2 0 5 9 3 3 7 1 9 0 6 0 9 3
7 7 9 7 6 9 4 10 5 4 2 10 9 8 6 0
6 4 1 9 7 6 10 2 0 0 0 7 3 5 2 4
3 2 10 7 8 10 7 8 5 0 2 6 6 3 9 0
7 1 3 6 5 0 0 6 8 5 10 0 10 1 7 6
6 6 3 10 4 10 2 10 1 8 9 6 10 4 10 7
4 2 8 10 5 1 7 5 5 8 2 9 6 5 8 5
4 4 5 0 9 4 7 6 8 10 4 1 6 9 5 7
2 1 1 9 7 4 7 7 7 8 2 1 4 3 1 6
4 5 1 7 1 6 5 10 8 7 5 8 2 0 7 3
5 6 3 3 4 6 5 10 1 2 6 6 1 10 7 3
9 10 7 7 4 10 10 6 8 7 6 8 6 7 7 0
9 5 2 5 3 1 5 7 9 6 7 6 7 1 7 6
6 10 8 10 6 9 9 4 4 5 2 0 10 1 2 7
14
5 2 2 1 2 2 1 1 1 2 3 1 5 2
